Есть такая таблица с названием "Численность аспирантов, прием в аспирантуру и выпуск из аспирантуры" со следующей структурой:

	"Численность аспирантов
на конец
отчетного года"	"Прием
в аспирантуру
в отчетном году"	"Выпуск из аспирантуры
в отчетном году"
			всего	"из него
 с защитой диссертации"

	Научно - исследовательские организации
2010	16936	5655	4335	729
2011	15865	4784	4028	693
2012	14823	4555	4101	655
2013	13593	4166	3943	674
2014	12175	3126	3331	397
2015	11528	3189	2728	313
2016	10581	2949	2954	331
2017	10231	3133	2209	247
2018	10527	3253	2039	211
2019	11055	3385	2142	242
2020	11829	3784	2024	189
2021	11109	3170	2135	156
2022	13128	4681	2288	209
2023	14765	4644	2298	236
2024	15510	4399	2376	239
	Образовательные организации высшего образования
2010	139908	48748	29268	8854
2011	139542	45561	28847	8869
2012	131226	40802	30885	8480
2013	117790	34643	30639	8257
2014	107083	29700	24836	4770
2015	97847	28285	22971	4318
2016	87180	23281	22917	3379
2017	82633	22749	15753	2063
2018	79583	23580	15546	1977
2019	72476	21335	13198	1376
2020	75097	23677	11763	1052
2021	78133	24527	12047	1329
2022	95564	40020	11441	1577
2023	105788	35073	11704	1334
2024
	Организации дополнительного профессионального образования
2010	593	155	160	28
2011	872	237	207	73
2012	705	199	176	60
2013	619	162	151	48
2014	610	155	106	22
2015	561	173	127	20
2016	591	191	121	20
2017	659	199	107	10
2018	621	150	133	10
2019	650	175	105	10
2020	597	164	124	3
2021	592	168	103	9
2022	685	287	98	3
2023	724	211	104	7
2024	714	178	104	5
	Иные организации
2018	92	25	11	-
2019	84	17	8	1
2020	228	85	46	1
2021	322	127	41	6
2022	328	87	38	2
2023	278	128	40	7
2024	383	132	40	2


Сделай на основе таблицы sql-скрипт