напиши sql запрос, который создает таблицу и вставляет в нее данные:

	Количество организаций представив-ших отчет, единиц 	Направлено денежных средств на																														
		Общий объем израсходованных денежных средств по всем видам деятельности, тыс рублей	Расходы по финансированию долгосрочных инвестиций	из них				Расходы обслуживающих производств и хозяйств, состоящих на балансе	из них																Выплаты социального характера работникам	Надбавки к пенсиям, еди-новременные пособия уходящим на пенсию	На благотвори-тельные цели	Перечислено обособленным структурным подразделениям, имеющим отдельный баланс и расчетный счет	Предста-вительские расходы	Оплата услуг банков и других финансово-кредитных учреждений	Оплата услуг рекламных агенств и аудиторских организаций	Отчисления в отраслевые и межотраслевые внебюджетные фонды научно-исследова-тельских и опытно-конструкторских работ
				Долгосрочные инвестиции по обычным видам деятельности	из них				Текущие расходы на содержание объектов санаторно-курортных учреждений	Текущие расходы на содержание детских садов и яслей	Текущие расходы на содержание пансионатов, домов отдыха, детских лагерей	Текущие расходы на содержание объектов физкультурно-оздоровительной деятельности	Текущие расходы на содержание объектов образования	Текущие расходы на содержание учреждений клубного типа	Расходы по предоставлению услуг лечебных  санаторно- курортных учреждений	Оплата сторонних организаций по предоставлению услуг лечебных и санаторно-курортных учреждений	Расходы по предоставлению услуг пансионатов, домов отдыха, детских лагерей 	Оплата сторонних организаций по предоставлению услуг пансионатов, домов отдыха, детских лагерей 	Расходы по предоставлению услуг физкультурно-оздоровительной деятельности	Оплата сторонних организаций по предоставлению услуг физкультурно-оздоровитель-ной деятельности	Расходы по предоставлению услуг образования	Оплата сторонних организаций по предоставлению услуг образования	Расходы по предоставлению услуг учреждений клубного типа	Оплата сторонних организаций по предоставлению услуг учреждениям клубного типа								
					Расходы на финансирование затрат по капитальным вложениям	Расходы на создание и приобретение программного обеспечения 	Расходы на научно-исследовате-льские и опытно-конструкторские работы																									
A	1	2	3	4	5	6	7	8	9	10	11	12	13	14	15	16	17	18	19	20	21	22	23	24	25	26	27	28	29	30	31	32
Всего по Российской Федерации	84 841	661 981 352 848	55 549 768 983	41 305 353 268	20 642 726 345	435 873 337	325 016 236	260 857 569	24 257 459	1 673 987	10 494 011	13 018 373	3 834 652	3 867 907	22 544 753	5 919 327	10 198 108	3 219 472	7 458 972	2 564 049	6 281 280	2 111 812	3 455 392	669 868	329 602 940	32 890 648	604 353 471	8 658 690 772	49 636 747	802 116 553	1 348 679 740	4 208 770
СЕЛЬСКОЕ, ЛЕСНОЕ ХОЗЯЙСТВО, ОХОТА, РЫБОЛОВСТВО И РЫБОВОДСТВО	3 591	8 486 703 201	905 490 552	726 576 195	513 724 415	652 305	95 089	6 651 631	81 635	54 654	1 266 363	289 468	7 023	27 423	80 501	30 703	25 736	5 408	27 538	2 332	10 037	5 567	16 440	1 930	3 089 088	251 054	8 655 527	705 131	1 009 018	9 182 100	2 620 199	18 477
  растениеводство и животноводство, охота и предоставление соответствующих услуг в этих областях	3 144	7 422 375 212	779 446 838	650 703 957	445 726 397	590 337	88 562	6 408 785	81 155	54 654	1 244 739	225 787	1 039	19 972	77 283	27 485	3 806	2 303	19 057	977	8 212	3 742	499	420	2 748 011	219 449	7 627 033	534 553	957 442	7 761 946	2 088 957	6 333
   лесоводство и лесозаготовки	161 	139 578 772 	9 922 110 	9 327 537 	7 966 769 	3 285 		13 512 				1 041 			2 077 	2 077 			9 	9 					45 730 	1 542 	169 427 	171 	6 005 	112 724 	58 180 	
   рыболовство и рыбоводство	286 	924 749 217 	116 121 604 	66 544 701 	60 031 249 	58 683 	6 527 	229 334 	480 		21 624 	62 640 	5 984 	7 451 	1 141 	1 141 	21 930 	3 105 	8 472 	1 346 	1 825 	1 825 	15 941 	1 510 	295 347 	30 063 	859 067 	170 407 	45 571 	1 307 430 	473 062 	12 144 
ДОБЫЧА ПОЛЕЗНЫХ ИСКОПАЕМЫХ	1 575 	48 567 585 280 	7 112 271 492 	6 165 524 309 	3 977 207 211 	10 483 410 	4 464 479 	54 259 215 	6 017 637 	1 046 315 	614 903 	3 196 923 	353 993 	1 808 058 	4 054 982 	621 484 	1 318 718 	460 852 	1 627 459 	464 814 	460 062 	171 862 	856 959 	276 994 	51 500 096 	8 097 875 	54 749 413 	39 615 683 	1 060 766 	70 434 426 	37 820 349 	228 883 
  добыча угля	163 	3 582 459 906 	302 316 696 	228 929 467 	218 857 222 	223 038 	3 078 	1 930 238 	111 330 	-	102 601 	150 741 	47 175 	-	21 917 	3 425 	23 619 	309 	88 847 	3 137 	62 693 	771 	-	-	5 772 585 	1 288 484 	12 410 316 	23 185 	85 892 	1 553 945 	516 258 	-
   добыча нефти и природного газа	287 	32 067 521 727 	5 136 905 749 	4 461 415 662 	2 885 077 496 	5 532 761 	2 336 682 	40 897 436 	5 456 553 	1 046 315 	274 181 	2 421 529 	3 948 	1 574 010 	3 388 871 	584 432 	1 166 797 	414 491 	1 130 429 	425 032 	159 153 	69 841 	613 846 	267 730 	28 588 486 	5 921 344 	21 890 508 	2 805 200 	283 617 	60 055 013 	31 478 849 	8 504 
   добыча металлических руд	371 	6 374 886 221 	897 838 387 	749 467 073 	413 542 053 	2 453 572 	1 783 850 	7 327 660 	262 409 	-	56 761 	204 809 	19 741 	22 196 	228 021 	18 301 	81 835 	29 128 	39 410 	19 648 	105 747 	7 211 	2 447 	2 447 	5 057 495 	264 193 	13 049 562 	1 672 500 	223 045 	3 485 638 	1 266 657 	195 129 
   добыча прочих полезных ископаемых	368 	1 590 911 364 	405 270 431 	398 103 663 	169 251 705 	788 579 	120 917 	2 676 701 	165 716 	-	89 757 	386 266 	-	211 198 	409 908 	9 061 	42 445 	16 924 	357 617 	5 841 	5 129 	3 848 	240 666 	6 817 	3 916 102 	66 063 	5 339 769 	7 454 	100 387 	970 779 	3 819 563 	-
 ОБРАБАТЫВАЮЩИЕ ПРОИЗВОДСТВА	12 068 	136 116 788 180 	9 181 275 993 	7 532 307 761 	5 363 342 143 	91 976 172 	153 868 084 	72 489 122 	5 096 367 	203 589 	4 258 489 	3 533 995 	245 781 	1 123 229 	6 345 405 	1 662 017 	2 968 351 	890 290 	2 253 153 	722 205 	570 224 	300 151 	472 866 	159 450 	78 335 143 	8 203 996 	136 546 331 	493 388 042 	12 391 162 	135 163 528 	234 257 364 	220 847 
   производство пищевых продуктов	2 176 	13 744 919 293 	583 672 459 	469 638 919 	344 462 703 	3 434 599 	368 148 	5 912 317 	45 303 	4 033 	10 434 	25 108 	12 509 	5 885 	79 577 	17 879 	2 851 	2 689 	2 359 	2 359 	133 567 	21 841 	22 194 	22 194 	3 361 006 	142 989 	6 883 837 	16 294 484 	1 951 525 	11 319 368 	66 421 322 	7 544 
   производство напитков	277 	2 135 928 984 	106 652 861 	103 045 553 	60 180 216 	223 156 	-	232 977 	2 352 	-	-	53 221 	-	-	18 169 	2 098 	-	-	16 033 	16 033 	12 248 	6 684 	-	-	923 630 	24 288 	711 209 	1 192 709 	220 570 	1 679 625 	31 747 321 	1 009 
   производство табачных изделий	17 	417 597 068 	8 831 291 	8 775 026 	7 236 678 	1 431 588 	2 670 	47 446 	-	-	-	-	-	-	14 133 	14 133 	-	-	5 297 	5 297 	28 016 	28 016 	-	-	1 219 808 	4 210 	41 912 	-	42 807 	565 057 	71 867 	230 
   производство текстильных изделий	201 	551 331 282 	29 893 692 	29 420 843 	15 680 735 	153 091 	437 906 	30 020 	1 363 	-	-	-	-	-	2 112 	1 885 	-	-	-	-	19 	19 	-	-	141 646 	2 548 	125 708 	-	96 839 	1 465 521 	1 419 548 	41 938 
  производство одежды	182 	497 153 291 	8 603 153 	8 355 427 	6 730 141 	121 746 	735 919 	131 535 	1 048 	-	2 684 	-	-	-	735 	69 	10 679 	10 679 	55 	55 	7 111 	5 904 	-	-	101 339 	1 759 	576 588 	367 012 	90 728 	563 097 	732 141 	15 
   производство кожи и изделий из кожи	66 	112 292 394 	2 350 955 	2 350 955 	2 093 189 	5 987 	229 122 	60 422 	4 218 	-	-	2 641 	-	-	2 371 	-	-	-	-	-	-	-	-	-	47 794 	1 184 	50 683 	-	13 182 	122 195 	74 716 	-
   обработка древесины и производство изделий из дерева и пробки, кроме мебели, производство изделий из соломки и материалов для плетения	370 	1 068 395 582 	48 475 205 	43 798 756 	36 416 321 	408 135 	13 214 	236 906 	23 644 	-	1 412 	21 241 	-	12 238 	40 252 	3 730 	-	-	8 479 	949 	615 	172 	-	-	568 604 	51 283 	573 492 	8 548 005 	59 995 	2 246 263 	1 299 039 	178 
   производство бумаги и бумажных изделий	273 	2 280 087 232 	121 091 585 	106 859 268 	87 635 043 	607 237 	2 056 	760 475 	88 978 	-	-	193 647 	-	2 563 	203 469 	43 673 	-	-	21 839 	11 717 	2 408 	2 408 	13 241 	4 667 	2 235 614 	98 646 	1 941 914 	3 049 710 	303 054 	2 570 267 	6 374 351 	-
   деятельность полиграфическая и копирование носителей информации	186 	382 989 065 	18 329 959 	13 331 387 	10 167 170 	133 792 	316 358 	396 403 	55 822 	-	2 604 	2 783 	-	-	155 782 	29 307 	-	-	1 970 	-	-	-	-	-	213 270 	6 794 	288 582 	23 145 299 	42 569 	487 560 	280 761 	-
   производство кокса и нефтепродуктов	125 	41 595 284 653 	2 104 320 787 	1 667 387 407 	992 847 097 	31 878 406 	5 167 519 	4 222 612 	478 079 	-	307 005 	94 776 	18 911 	17 675 	819 738 	214 102 	406 629 	106 710 	197 311 	27 661 	54 568 	9 389 	48 761 	-	9 654 532 	2 039 907 	22 790 868 	336 980 	277 163 	15 529 817 	28 042 636 	-
       производство кокса	10 	364 694 276 	7 344 635 	7 178 555 	3 289 328 	22 565 	-	144 874 	1 866 	-	20 008 	636 	-	-	42 741 	-	24 246 	-	7 365 	-	-	-	-	-	92 802 	14 799 	78 550 	-	3 021 	35 422 	43 240 	-
       производство нефтепродуктов	114 	41 226 831 110 	2 096 976 152 	1 660 208 852 	989 557 769 	31 855 841 	5 167 519 	4 077 738 	476 213 	-	286 997 	94 140 	18 911 	17 675 	776 997 	214 102 	382 383 	106 710 	189 946 	27 661 	54 568 	9 389 	48 761 	-	9 561 730 	2 025 108 	22 702 194 	336 980 	274 142 	15 491 318 	27 999 011 	-
   производство химических веществ и химических продуктов	723 	11 812 513 829 	1 984 175 615 	1 648 032 470 	1 404 520 259 	4 564 440 	9 996 636 	7 489 036 	1 046 496 	9 989 	497 455 	286 864 	41 837 	85 594 	814 557 	92 711 	200 233 	58 117 	86 981 	12 566 	12 999 	11 307 	14 391 	302 	12 258 363 	1 142 164 	29 920 232 	137 328 992 	1 009 104 	21 189 071 	21 628 200 	22 640 
   производство лекарственных средств и материалов, применяемых в медицинских целях	244 	1 797 627 946 	131 210 272 	103 491 797 	65 186 384 	1 254 903 	24 801 816 	1 076 824 	8 016 	31 347 	39 182 	1 941 	460 	6 490 	9 839 	9 839 	-	-	36 	24 	19 450 	19 450 	-	-	1 645 857 	57 106 	3 713 213 	1 995 320 	597 194 	1 922 561 	25 284 445 	39 749 
   производство резиновых и пластмассовых изделий	662 	2 688 860 964 	105 867 892 	95 826 785 	73 381 937 	586 413 	2 357 017 	13 559 965 	11 511 	-	8 283 	7 607 	340 	1 071 	23 929 	5 249 	-	-	3 675 	573 	2 812 	2 021 	-	-	1 142 002 	59 287 	3 764 942 	66 903 345 	1 445 018 	4 939 891 	3 129 174 	192 
   производство прочей неметаллической минеральной продукции	966 	3 899 884 294 	289 241 954 	192 215 855 	146 554 709 	973 993 	328 691 	4 080 143 	124 761 	-	127 472 	144 958 	5 572 	8 599 	433 238 	266 455 	53 444 	20 142 	95 074 	13 169 	7 149 	445 	21 362 	3 813 	2 645 880 	159 258 	4 329 857 	36 279 501 	554 433 	4 226 094 	3 600 900 	646 
   производство металлургическое	470 	18 748 641 345 	1 457 199 220 	1 223 187 276 	786 846 684 	10 668 858 	12 892 601 	10 148 289 	937 558 	-	1 355 458 	907 053 	2 050 	453 485 	940 721 	64 202 	757 398 	238 638 	971 572 	164 695 	40 671 	5 071 	62 536 	42 216 	12 711 611 	2 594 172 	47 797 915 	10 115 608 	1 112 352 	23 698 487 	12 826 679 	67 869 
   производство готовых металлических изделий, кроме машин и оборудования	1 098 	7 686 363 009 	440 894 830 	353 603 671 	320 167 948 	4 461 306 	4 707 208 	7 045 137 	1 029 417 	88 555 	475 353 	719 655 	20 476 	91 534 	1 028 980 	243 288 	544 583 	39 356 	109 130 	22 660 	29 316 	12 695 	45 051 	11 267 	5 329 876 	379 486 	2 944 534 	57 687 424 	958 779 	7 608 399 	3 448 803 	11 847 
   производство компьютеров, электронных и оптических изделий	738 	4 902 874 415 	445 845 695 	405 878 310 	257 836 894 	19 979 307 	16 697 786 	3 290 245 	376 185 	3 297 	327 099 	217 118 	52 852 	33 415 	408 280 	161 578 	251 600 	23 408 	154 776 	72 202 	14 095 	10 512 	47 378 	3 642 	4 630 887 	304 695 	1 803 582 	1 467 711 	983 112 	4 554 002 	5 238 829 	10 114 
  производство электрического оборудования	564 	2 995 999 925 	127 470 469 	106 933 104 	90 266 665 	1 033 305 	2 664 927 	1 406 006 	74 794 	12 478 	59 794 	81 688 	-	30 206 	158 936 	15 801 	69 857 	1 607 	11 260 	143 	11 316 	11 316 	86 	-	1 549 726 	67 598 	1 018 850 	8 889 817 	519 077 	4 015 842 	2 255 585 	4 474 
   производство машин и оборудования, не включенных в другие группировки	900 	3 835 574 089 	262 645 251 	197 182 944 	131 181 528 	2 034 012 	6 910 581 	834 232 	101 742 	-	154 499 	73 260 	-	20 853 	41 038 	15 088 	21 374 	5 038 	22 180 	3 395 	21 183 	18 070 	1 005 	-	1 908 190 	134 035 	1 660 140 	23 862 035 	645 384 	11 495 498 	3 395 807 	7 833 
   производство автотранспортных средств, прицепов и полуприцепов	449 	4 737 041 170 	222 102 774 	156 537 079 	113 588 776 	3 500 262 	27 275 564 	515 641 	17 863 	-	26 241 	199 268 	892 	3 314 	50 664 	20 580 	12 935 	2 353 	1 956 	684 	36 558 	24 055 	31 953 	23 120 	3 148 091 	69 361 	1 615 432 	11 083 761 	340 557 	6 876 458 	8 329 458 	-
   производство прочих транспортных средств и оборудования	362 	7 426 410 203 	607 603 257 	529 532 186 	358 459 763 	3 492 081 	37 476 967 	9 973 943 	600 747 	53 890 	834 575 	485 477 	89 865 	349 951 	1 004 398 	429 559 	625 579 	378 899 	541 644 	367 377 	129 635 	108 626 	164 595 	48 229 	7 262 727 	593 533 	2 965 312 	52 503 797 	727 633 	3 618 071 	2 741 657 	3 940 
   производство мебели	182 	415 794 633 	12 726 357 	12 692 969 	8 118 642 	89 230 	2 995 	367 951 	2 664 	-	10 347 	-	-	-	9 713 	9 713 	-	-	714 	-	4 367 	29 	-	-	57 143 	139 	50 898 	-	86 911 	1 420 994 	1 995 136 	72 
   производство прочих готовых изделий	192 	497 736 009 	11 683 036 	11 507 777 	9 019 684 	223 440 	307 329 	137 044 	20 804 	-	-	59 	-	356 	49 956 	3 	-	-	166 	-	-	-	313 	-	430 087 	18 973 	320 391 	-	60 685 	1 381 084 	3 324 731 	99 
 ОБЕСПЕЧЕНИЕ ЭЛЕКТРИЧЕСКОЙ ЭНЕРГИЕЙ, ГАЗОМ И ПАРОМ; КОНДИЦИОНИРОВАНИЕ ВОЗДУХА	2 992 	24 172 712 785 	6 148 286 754 	5 707 266 982 	1 696 880 194 	18 391 058 	11 997 111 	2 869 059 	235 476 	-	426 152 	285 765 	98 558 	-	647 410 	233 107 	34 190 	29 882 	41 681 	5 968 	54 425 	49 734 	-	-	23 875 012 	2 076 261 	12 789 374 	164 116 918 	686 757 	5 530 402 	4 410 259 	2 035 817 
 производство, передача и распределение электроэнергии	818 	18 716 853 914 	5 604 582 576 	5 243 169 824 	1 283 345 556 	13 197 240 	11 921 059 	1 910 596 	229 603 	-	151 310 	225 749 	97 803 	-	605 355 	229 153 	32 092 	27 931 	1 612 	-	40 776 	40 776 	-	-	15 553 120 	1 217 367 	11 593 158 	151 972 357 	511 300 	2 875 601 	3 457 364 	2 034 140 
   производство и распределение газообразного топлива	213 	2 265 061 415 	180 090 356 	177 306 724 	174 077 627 	576 707 	8 431 	153 847 	2 813 	-	59 765 	7 672 	-	-	4 452 	384 	1 466 	1 466 	7 183 	1 039 	178 	178 	-	-	3 673 149 	605 323 	236 849 	8 943 309 	33 510 	693 443 	312 707 	-
   производство, передача и распределение пара и горячей воды; кондиционирование воздуха	1 961 	3 190 797 456 	363 613 822 	286 790 434 	239 457 011 	4 617 111 	67 621 	804 616 	3 060 	-	215 077 	52 344 	755 	-	37 603 	3 570 	632 	485 	32 886 	4 929 	13 471 	8 780 	-	-	4 648 743 	253 571 	959 367 	3 201 252 	141 947 	1 961 358 	640 188 	1 677 
 ВОДОСНАБЖЕНИЕ; ВОДООТВЕДЕНИЕ, ОРГАНИЗАЦИЯ СБОРА И УТИЛИЗАЦИИ ОТХОДОВ, ДЕЯТЕЛЬНОСТЬ ПО ЛИКВИДАЦИИ ЗАГРЯЗНЕНИЙ	2 274 	2 536 455 033 	281 854 127 	256 897 051 	231 320 857 	1 141 982 	1 139 790 	4 121 531 	58 484 	-	286 454 	35 732 	62 898 	1 272 	316 805 	4 764 	410 949 	204 692 	8 518 	600 	56 700 	3 060 	-	-	5 927 391 	141 751 	1 038 379 	2 302 369 	168 452 	3 327 666 	515 581 	-
 СТРОИТЕЛЬСТВО	3 929 	22 042 248 735 	986 123 315 	857 111 520 	583 184 017 	5 904 322 	1 434 100 	11 621 870 	90 929 	-	78 656 	9 986 	10 203 	-	32 673 	10 665 	165 151 	22 007 	15 880 	673 	107 597 	84 817 	-	-	19 483 452 	567 449 	10 350 804 	44 861 596 	3 712 292 	45 915 692 	22 296 055 	21 088 
   строительство зданий	1 963 	9 605 979 090 	564 846 054 	465 885 359 	318 515 020 	2 504 051 	3 397 	5 365 081 	90 929 	-	60 235 	6 017 	6 718 	-	22 901 	3 377 	142 820 	2 120 	11 477 	-	29 357 	17 270 	-	-	12 999 991 	55 857 	2 580 021 	3 212 135 	1 788 047 	20 032 420 	16 257 228 	419 
   строительство инженерных сооружений	1 017 	7 151 596 390 	309 236 088 	290 389 660 	180 076 498 	1 996 566 	42 822 	4 947 769 	-	-	15 437 	615 	3 485 	-	7 109 	4 944 	16 348 	15 585 	831 	614 	39 909 	37 375 	-	-	4 141 169 	434 430 	4 808 659 	35 848 729 	764 289 	7 750 060 	4 097 262 	19 423 
ТОРГОВЛЯ ОПТОВАЯ И РОЗНИЧНАЯ; РЕМОНТ АВТОТРАНСПОРТНЫХ СРЕДСТВ И МОТОЦИКЛОВ	14 323 	165 357 535 834 	7 207 187 738 	3 110 721 855 	1 116 225 307 	54 036 973 	15 076 530 	25 747 090 	38 611 	-	2 990 	354 	1 401 	-	21 558 	13 230 	689 	329 	28 741 	27 172 	242 964 	222 781 	-	-	28 869 433 	941 467 	122 542 924 	7 058 925 304 	17 899 390 	355 618 861 	467 526 147 	1 253 775 
   торговля оптовая и розничная автотранспортными средствами и мотоциклами и их ремонт	1 825 	17 259 011 420 	273 114 904 	173 325 424 	59 055 030 	3 907 503 	43 818 	35 298 	-	-	-	-	111 	-	-	-	-	-	118 	118 	6 477 	6 116 	-	-	1 694 155 	150 475 	563 714 	68 203 571 	5 077 800 	31 233 010 	60 562 005 	15 
  торговля оптовая, кроме оптовой торговли автотранспортными средствами и мотоциклами	10 489 	108 977 169 336 	5 645 101 992 	1 767 240 677 	606 611 884 	26 325 192 	14 980 427 	24 574 741 	12 449 	-	2 890 	354 	834 	-	15 441 	7 188 	552 	192 	28 623 	27 054 	232 212 	212 516 	-	-	20 823 431 	698 275 	119 060 459 	6 933 721 472 	11 171 276 	191 489 587 	224 610 973 	1 253 127 
   торговля розничная, кроме торговли автотранспортными средствами и мотоциклами	2 009 	39 121 355 078 	1 288 970 842 	1 170 155 754 	450 558 393 	23 804 278 	52 285 	1 137 051 	26 162 	-	100 	-	456 	-	6 117 	6 042 	137 	137 	-	-	4 275 	4 149 	-	-	6 351 847 	92 717 	2 918 751 	57 000 261 	1 650 314 	132 896 264 	182 353 169 	633 
ТРАНСПОРТИРОВКА И ХРАНЕНИЕ	4 062 	27 057 387 232 	2 690 237 493 	2 349 976 736 	2 037 053 573 	28 123 109 	1 906 949 	26 310 406 	3 392 634 	287 808 	1 889 548 	1 279 717 	1 210 653 	771 959 	5 624 483 	1 998 359 	2 543 651 	770 630 	1 400 303 	182 830 	1 269 125 	184 017 	1 906 835 	169 634 	60 155 032 	10 184 718 	31 362 925 	458 353 837 	2 421 238 	42 400 249 	23 843 777 	7 610 
   деятельность сухопутного и трубопроводного транспорта	1 661 	12 733 924 103 	1 571 721 895 	1 422 652 073 	1 268 630 503 	12 264 755 	1 208 085 	23 449 702 	3 100 714 	283 354 	1 848 293 	1 199 145 	1 188 960 	766 730 	4 560 378 	1 321 084 	2 405 193 	751 555 	1 240 657 	168 272 	1 120 132 	87 514 	1 906 835 	169 634 	38 221 541 	8 356 479 	25 358 057 	305 270 082 	1 193 003 	18 547 093 	11 599 802 	7 105 
       деятельность железнодорожного транспорта: междугородные и международные пассажирские перевозки	8 	477 877 681 	88 599 920 	88 599 020 	87 325 444 	1 273 576 	-	60 129 	-	-	-	-	-	-	10 552 	10 552 	-	-	-	-	49 576 	18 225 	-	-	71 458 	6 843 	195 222 	230 903 810 	3 427 	83 964 	367 729 	-
        деятельность железнодорожного транспорта: грузовые перевозки	189 	2 641 198 992 	201 025 669 	119 738 553 	116 349 787 	676 895 	12 956 	10 485 790 	1 069 397 	258 887 	1 253 069 	353 946 	1 161 701 	562 217 	1 839 891 	527 836 	1 674 437 	645 950 	338 721 	30 415 	922 400 	47 375 	976 028 	162 102 	2 524 805 	891 877 	3 241 009 	51 217 930 	658 398 	12 458 821 	3 253 378 	-
       деятельность прочего сухопутного пассажирского транспорта	629 	1 742 878 896 	538 603 233 	531 484 645 	515 171 640 	1 491 911 	3 357 	1 231 892 	2 272 	-	99 334 	41 795 	18 614 	224 	12 357 	12 089 	23 218 	-	195 953 	273 	15 325 	13 090 	-	-	6 848 758 	501 596 	89 872 	340 262 	34 468 	3 960 399 	281 273 	40 
       деятельность автомобильного грузового транспорта и услуги по перевозкам	774 	2 936 892 349 	261 342 025 	244 625 353 	168 821 193 	1 175 672 	-	2 539 891 	-	-	486 	1 560 	2 345 	-	330 	330 	12 630 	-	2 559 	2 209 	7 085 	7 085 	60 	60 	1 848 774 	120 230 	399 972 	6 876 	446 509 	1 900 289 	436 982 	49 
      деятельность трубопроводного транспорта	61 	4 935 076 185 	482 151 048 	438 204 502 	380 962 439 	7 646 701 	1 191 772 	9 132 000 	2 029 045 	24 467 	495 404 	801 844 	6 300 	204 289 	2 697 248 	770 277 	694 908 	105 605 	703 424 	135 375 	125 746 	1 739 	930 747 	7 472 	26 927 746 	6 835 933 	21 431 982 	22 801 204 	50 201 	143 620 	7 260 440 	7 016 
  деятельность водного транспорта	225 	865 598 252 	97 344 542 	73 267 034 	63 400 046 	638 768 	-	205 574 	-	-	7 715 	29 109 	-	-	1 546 	1 546 	20 996 	3 543 	127 638 	-	346 	346 	-	-	490 178 	15 515 	308 389 	769 236 	94 284 	1 697 493 	294 271 	-
 деятельность воздушного и космического транспорта	97 	2 585 492 127 	144 777 488 	122 977 468 	114 131 295 	434 062 	336 385 	933 068 	20 634 	-	-	1 421 	-	-	800 226 	665 347 	-	-	12 130 	12 130 	64 760 	64 760 	-	-	2 676 864 	120 264 	648 412 	1 731 111 	200 900 	7 058 708 	3 222 804 	-
складское хозяйство и вспомогательная транспортная деятельность	2 030 	10 154 379 991 	856 450 189 	712 243 655 	579 749 643 	7 470 024 	362 479 	1 722 062 	271 286 	4 454 	33 540 	50 042 	21 693 	5 229 	262 333 	10 382 	117 462 	15 532 	19 878 	2 428 	83 887 	31 397 	-	-	18 339 910 	1 688 291 	5 048 067 	150 583 408 	923 089 	13 798 014 	8 172 230 	505 
 деятельность почтовой связи и курьерская деятельность	49 	717 992 759 	19 943 379 	18 836 506 	11 142 086 	7 315 500 	-	-	-	-	-	-	-	-	-	-	-	-	-	-	-	-	-	-	426 539 	4 169 	-	-	9 962 	1 298 941 	554 670 	-
 ДЕЯТЕЛЬНОСТЬ ГОСТИНИЦ И ПРЕДПРИЯТИЙ ОБЩЕСТВЕННОГО ПИТАНИЯ	1 004 	1 492 167 687 	139 864 726 	126 019 646 	102 322 818 	815 570 	-	3 720 651 	121 948 	-	669 840 	4 290 	72 	-	34 550 	30 342 	1 027 317 	691 413 	4 085 	933 	9 928 	6 543 	-	-	1 712 019 	25 447 	661 548 	1 130 195 	172 504 	6 007 917 	16 563 460 	-
  деятельность по предоставлению мест для временного проживания	529 	529 392 288 	103 526 507 	92 899 174 	80 032 704 	129 432 	-	2 766 507 	121 948 	-	669 840 	4 290 	72 	-	25 351 	25 351 	1 023 109 	687 205 	4 085 	933 	7 731 	4 346 	-	-	914 381 	1 745 	251 617 	801 363 	100 966 	1 984 233 	1 410 598 	-
   деятельность по предоставлению продуктов питания и напитков	475 	962 775 399 	36 338 219 	33 120 472 	22 290 114 	686 138 	-	954 144 	-	-	-	-	-	-	9 199 	4 991 	4 208 	4 208 	-	-	2 197 	2 197 	-	-	797 638 	23 702 	409 931 	328 832 	71 538 	4 023 684 	15 152 862 	-
 ДЕЯТЕЛЬНОСТЬ В ОБЛАСТИ ИНФОРМАЦИИ И СВЯЗИ	3 586 	23 821 885 040 	3 110 458 674 	2 694 415 399 	879 568 305 	152 138 613 	6 473 742 	1 034 436 	12 851 	-	130 364 	270 	890 	-	11 927 	9 792 	8 586 	1 052 	5 487 	4 432 	160 375 	137 980 	5 149 	5 149 	15 403 769 	271 337 	4 414 968 	5 586 185 	3 014 594 	22 111 820 	264 103 744 	187 542 
   деятельность издательская	604 	305 814 026 	27 479 349 	25 316 082 	8 798 196 	925 519 	-	9 641 	-	-	-	-	-	-	3 115 	3 115 	-	-	-	-	1 105 	1 105 	-	-	311 193 	1 468 	523 575 	-	98 617 	530 597 	5 160 228 	-
   деятельность в сфере телекоммуникаций	369 	3 943 443 836 	948 667 271 	765 201 847 	415 850 786 	36 620 869 	472 952 	137 554 	-	-	116 806 	-	242 	-	-	-	494 	494 	-	-	1 535 	1 535 	-	-	4 157 332 	165 924 	1 337 150 	3 319 966 	298 831 	1 366 330 	50 477 055 	178 223 
 ДЕЯТЕЛЬНОСТЬ ФИНАНСОВАЯ И СТРАХОВАЯ	2 241 	145 280 847 732 	7 124 715 234 	5 217 580 368 	1 391 258 853 	8 133 183 	1 071 506 	1 829 850 	-	-	-	-	-	-	2 377 	-	1 172 534 	-	-	-	4 532 	91 	-	-	8 725 003 	28 898 	61 921 316 	165 094 211 	648 548 	24 472 533 	8 675 615 	6 686 
ДЕЯТЕЛЬНОСТЬ ПО ОПЕРАЦИЯМ С НЕДВИЖИМЫМ ИМУЩЕСТВОМ	12 047 	10 573 776 990 	2 456 020 573 	1 972 584 630 	1 158 212 620 	1 220 173 	65 665 	8 415 494 	20 799 	306 	104 709 	8 622 	179 443 	693 	36 118 	20 818 	5 990 	2 678 	21 353 	12 860 	2 858 	1 965 	-	-	2 342 138 	126 708 	5 051 633 	1 038 410 	296 104 	7 318 889 	14 871 728 	38 480 
 ДЕЯТЕЛЬНОСТЬ ПРОФЕССИОНАЛЬНАЯ, НАУЧНАЯ И ТЕХНИЧЕСКАЯ	6 267 	31 237 319 539 	6 259 304 608 	3 433 825 907 	895 262 963 	41 905 523 	120 501 656 	12 444 870 	353 345 	20 269 	644 787 	368 548 	89 909 	88 067 	787 395 	198 929 	366 396 	106 748 	191 364 	64 364 	315 236 	186 342 	87 714 	9 149 	19 245 314 	1 227 637 	98 348 850 	155 533 629 	4 090 625 	20 815 723 	149 564 064 	128 153 
   нучные исследования и разработки	1 036 	3 741 130 103 	416 500 700 	313 363 191 	151 178 503 	7 602 803 	114 121 861 	7 247 932 	353 345 	20 269 	522 425 	259 875 	89 488 	88 067 	765 082 	186 175 	359 118 	101 575 	144 385 	45 992 	219 316 	108 104 	86 594 	8 029 	5 532 595 	483 514 	3 882 635 	70 965 264 	712 429 	2 326 190 	2 051 909 	118 274 
 ДЕЯТЕЛЬНОСТЬ АДМИНИСТРАТИВНАЯ И СОПУТСТВУЮЩИЕ ДОПОЛНИТЕЛЬНЫЕ УСЛУГИ	2 159 	9 336 032 199 	1 587 986 007 	875 310 625 	487 680 179 	7 170 305 	1 097 474 	503 266 	21 303 	-	257 	54 306 	8 602 	-	10 286 	4 115 	3 593 	298 	7 984 	43 	5 559 	3 834 	-	-	5 870 616 	163 512 	2 991 949 	45 219 122 	635 897 	18 432 062 	22 538 447 	17 923 
  деятельность туристических агентств и прочих организаций, предоставляющих услуги в сфере туризма	129 	801 837 386 	10 592 358 	8 240 499 	3 701 706 	1 262 948 	-	176 870 	21 303 	-	-	10 167 	3 147 	-	2 784 	2 784 	-	-	-	-	-	-	-	-	205 485 	56 	88 045 	168 292 	198 133 	1 958 547 	9 684 307 	-
ГОСУДАРСТВЕННОЕ УПРАВЛЕНИЕ И ОБЕСПЕЧЕНИЕ ВОЕННОЙ БЕЗОПАСНОСТИ; СОЦИАЛЬНОЕ ОБЕСПЕЧЕНИЕ	105 	212 025 334 	38 653 467 	13 034 920 	11 552 192 	540 897 	17 356 	1 182 	-	-	-	-	-	-	-	-	-	-	-	-	1 182 	-	-	-	140 505 	4 675 	81 571 	9 895 670 	44 543 	30 573 	329 973 	-
 ОБРАЗОВАНИЕ	5 321 	807 537 151 	28 481 588 	27 136 589 	16 321 246 	557 782 	5 783 999 	6 079 023 	-	59 487 	12 547 	17 416 	1 547 116 	-	139 	139 	14 083 	5 582 	11 417 	10 490 	2 886 066 	646 680 	-	-	1 162 081 	54 164 	1 158 997 	1 259 494 	155 859 	1 055 991 	5 429 347 	2 204 
ДЕЯТЕЛЬНОСТЬ В ОБЛАСТИ ЗДРАВООХРАНЕНИЯ И СОЦИАЛЬНЫХ УСЛУГ	1 749 	1 164 088 416 	79 683 581 	70 304 532 	56 983 988 	1 156 323 	7 662 	15 039 484 	8 516 811 	1 559 	10 545 	764 	4 444 	-	4 383 156 	991 417 	111 	-	-	-	30 940 	24 525 	-	-	2 509 784 	481 033 	20 208 720 	10 362 300 	666 622 	3 540 395 	8 399 178 	38 239 
  деятельность в области здравоохранения	1 196 	1 088 793 772 	76 946 917 	67 569 352 	54 275 762 	1 146 232 	7 662 	14 965 878 	8 497 349 	1 559 	9 024 	764 	4 444 	-	4 371 369 	984 483 	111 	-	-	-	30 919 	24 504 	-	-	2 443 023 	480 937 	935 666 	10 362 300 	644 366 	3 464 717 	8 361 971 	38 239 
 ДЕЯТЕЛЬНОСТЬ В ОБЛАСТИ КУЛЬТУРЫ, СПОРТА, ОРГАНИЗАЦИИ ДОСУГА И РАЗВЛЕЧЕНИЙ	1 653 	3 162 940 316 	199 694 319 	157 421 837 	115 690 840 	10 548 464 	7 	2 576 389 	58 	-	-	1 186 822 	5 705 	602 	5 806 	5 806 	93 	93 	1 056 287 	817 335 	82 154 	74 824 	96 438 	45 251 	464 858 	1 951 	14 849 504 	478 815 	221 741 	29 160 675 	58 247 877 	2 568 
   деятельность библиотек, архивов, музеев и прочих объектов культуры	105 	29 075 160 	8 374 729 	6 573 828 	5 686 285 	44 149 	-	-	-	-	-	-	-	-	-	-	-	-	-	-	-	-	-	-	42 136 	-	61 180 	-	23 163 	127 183 	157 773 	-
  деятельность в области спорта, отдыха и развлечений	1 181 	649 427 158 	131 826 386 	130 288 909 	105 216 078 	210 318 	7 	2 468 338 	58 	-	-	1 186 822 	3 635 	2 	-	-	93 	93 	1 047 580 	816 793 	82 154 	74 824 	39 660 	-	362 052 	1 951 	1 838 985 	2 114 	166 292 	1 212 131 	3 946 527 	2 568 
 ПРЕДОСТАВЛЕНИЕ ПРОЧИХ ВИДОВ УСЛУГ	3 895 	555 316 164 	12 178 742 	11 336 406 	8 934 624 	977 173 	15 037 	5 143 000 	198 571 	-	97 407 	2 745 395 	7 961 	46 604 	149 182 	83 640 	131 970 	27 518 	757 722 	246 998 	11 316 	7 039 	12 991 	2 311 	792 206 	40 715 	16 628 738 	823 861 	340 635 	1 597 051 	6 666 576 	478