напиши sql запрос, который создает таблицу и вставляет в нее данные, но перед этим транспонируй таблицу и оставь только сами округа, остальное нужно убрать:

-	Количество организаций, единиц	Направлено денежных средств на																														
		Общий объем израсходованных денежных средств по всем видам деятельности, тыс рублей	Расходы по финансированию долгосрочных инвестиций	из них				Расходы обслуживающих производств и хозяйств, состоящих на балансе	из них																Выплаты социального характера работникам	Надбавки к пенсиям, единовре-менные пособия уходящим на пенсию	На благотвори-тельные цели	Перечислено обособленным структурным подразделениям, имеющим отдельный баланс и расчетный счет	Представи-тельские расходы	Оплата услуг банков и других финансово-кредитных учреждений	Оплата услуг рекламных агенств и аудиторских организаций	Отчисления в отраслевые и межотраслевые внебюджетные фонды научно-исследовательских и опытно-конструкторских работ
				Долгосрочные инвестиции по обычным видам деятельности	из них				Текущие расходы на содержание объектов санаторно-курортных учрежде-ний	Текущие расходы на содержание детских садов и яслей	Текущие расходы на содержание пансионатов, домов отдыха, детских лагерей	Текущие расходы на содержание объектов физкультурно-оздоровительной деятельности	Текущие расходы на содержание объектов образования	Текущие расходы на содержание учреждений клубного типа	Расходы по предоставлению услуг лечебных  санаторно-курортных учреждений	Оплата сторонних организаций по предоставлению услуг лечебных и санаторно-курортных учреждений	Расходы по предоставлению услуг пансионатов, домов отдыха, детских лагерей 	Оплата сторонних организаций по предоставлению услуг пансионатов, домов отдыха, детских лагерей 	Расходы по предоставлению услуг физкультурно-оздоровительной деятельности	Оплата сторонних организаций по предоставлению услуг физкультурно оздоровительной деятельности	Расходы по предоставлению услуг образования	Оплата сторонних организаций по предоставлению услуг образования	Расходы по предоставлению услуг учреждений клубного типа	Оплата сторонних организаций по предоставлению услуг учреждениям клубного типа								
					Расходы на финансирование затрат по капитальным вложениям	Расходы на создание и приобретение программного обеспечения 	Расходы на научно-исследова-тельские и опытно-конструкторские работы																									
A	1	2	3	4	5	6	7	8	9	10	11	12	13	14	15	16	17	18	19	20	21	22	23	24	25	26	27	28	29	30	31	32
Российская Федерация	84 841 	661 981 352 848 	55 549 768 983 	41 305 353 268 	20 642 726 345 	435 873 337 	325 016 236 	260 857 569 	24 257 459 	1 673 987 	10 494 011 	13 018 373 	3 834 652 	3 867 907 	22 544 753 	5 919 327 	10 198 108 	3 219 472 	7 458 972 	2 564 049 	6 281 280 	2 111 812 	3 455 392 	669 868 	329 602 940 	32 890 648 	604 353 471 	8 658 690 772 	49 636 747 	802 116 553 	1 348 679 740 	4 208 770 
Центральный                    федеральный округ	32 307 	396 836 652 871 	27 827 600 978 	21 000 312 157 	7 295 196 390 	274 341 753 	224 868 881 	125 332 498 	10 176 967 	387 795 	2 371 998 	4 447 807 	1 350 005 	214 797 	5 587 912 	2 231 231 	3 871 592 	1 315 609 	2 005 555 	758 984 	3 709 338 	1 498 872 	241 841 	92 579 	136 080 393 	6 482 355 	277 424 305 	1 199 780 998 	35 229 214 	471 508 093 	1 007 720 678 	3 684 918 
Белгородская область	633 	4 948 170 598 	284 811 175 	182 218 926 	93 749 771 	1 021 455 	685 275 	1 952 610 	102 273 	-	96 094 	138 848 	-	3 	163 458 	7 249 	71 399 	-	120 810 	69 	-	-	-	-	1 896 087 	125 133 	9 727 156 	1 849 866 	179 280 	45 095 197 	1 832 655 	5 799 
Брянская область	460 	1 433 247 690 	77 722 300 	62 907 003 	57 555 818 	169 534 	350 043 	378 629 	50 106 	-	25 674 	17 976 	-	617 	71 602 	23 444 	4 404 	-	6 094 	37 	3 091 	3 091 	151 	-	724 286 	102 531 	1 840 976 	2 139 065 	179 968 	1 280 623 	1 027 061 	-
Владимирская область	730 	1 858 114 514 	122 579 170 	113 622 725 	49 734 651 	1 020 115 	8 401 856 	488 267 	52 925 	-	92 303 	44 083 	-	25 886 	69 597 	10 699 	78 155 	9 301 	2 979 	905 	1 663 	-	3 955 	1 476 	632 706 	39 839 	887 385 	15 602 	183 903 	2 785 570 	24 914 583 	1 593 
Воронежская область	1 066 	3 471 005 567 	130 539 451 	120 618 963 	84 520 265 	257 343 	1 777 213 	1 646 908 	741 181 	72 	165 573 	13 604 	14 388 	10 122 	9 567 	317 	43 836 	2 213 	50 319 	186 	11 798 	1 239 	24 084 	453 	1 058 222 	163 127 	1 065 391 	7 424 500 	521 481 	3 047 414 	3 381 984 	-
Ивановская область	528 	718 075 287 	16 292 138 	16 255 192 	13 938 984 	221 304 	150 056 	70 465 	333 	-	65 	5 193 	-	427 	2 654 	2 654 	655 	515 	4 013 	-	2 782 	2 392 	86 	-	138 594 	24 184 	171 248 	-	46 411 	1 066 839 	846 804 	28 
Калужская область	671 	2 262 316 013 	128 576 168 	51 828 718 	44 755 728 	1 005 726 	1 533 401 	341 073 	754 	4 744 	-	1 120 	29 	14 149 	7 455 	-	107 030 	-	-	-	606 	-	42 	-	693 870 	26 873 	759 270 	-	219 934 	2 958 353 	2 407 592 	-
Костромская область	312 	591 764 458 	13 452 761 	13 059 198 	10 741 932 	56 218 	-	28 150 	3 907 	-	-	59 	1 452 	-	4 004 	1 628 	-	-	202 	24 	3 810 	3 810 	-	-	205 209 	18 092 	243 570 	-	25 926 	572 759 	480 540 	-
Курская область	504 	1 686 616 157 	105 823 798 	66 827 483 	51 878 837 	236 511 	3 573 189 	160 700 	46 870 	2 388 	197 	12 197 	-	2 874 	26 514 	12 046 	2 402 	1 478 	30 629 	320 	3 999 	3 999 	39 	-	653 859 	40 356 	3 851 608 	1 111 978 	157 908 	2 319 585 	328 043 	-
Липецкая область	503 	3 140 634 702 	215 737 731 	200 037 644 	143 653 902 	1 063 800 	337 429 	611 310 	3 134 	-	38 183 	19 810 	-	-	3 153 	-	1 466 	1 466 	13 086 	-	-	-	-	-	1 303 924 	122 452 	4 266 257 	16 938 	155 207 	2 571 759 	3 074 264 	-
Московская область	4 454 	42 057 792 209 	2 963 195 606 	2 127 082 210 	817 623 383 	20 966 020 	30 664 482 	40 422 699 	1 441 203 	98 975 	874 536 	211 948 	248 740 	61 152 	1 184 586 	138 407 	2 222 951 	725 317 	129 823 	93 635 	1 699 577 	489 010 	29 587 	17 573 	23 174 758 	474 351 	22 419 064 	41 220 858 	5 498 971 	86 078 704 	132 381 553 	61 014 
Орловская область	381 	869 212 445 	54 976 195 	53 913 856 	33 091 636 	112 686 	347 992 	68 815 	16 782 	-	-	-	-	111 	1 182 	1 182 	-	-	6 577 	447 	-	-	1 005 	-	256 036 	23 537 	369 535 	64 989 	62 243 	636 002 	264 716 	763 
Рязанская область	536 	1 758 259 911 	105 956 933 	84 872 453 	62 949 324 	405 503 	189 534 	435 493 	12 823 	-	29 678 	7 237 	-	107 	40 287 	3 088 	59 191 	2 100 	2 496 	61 	70 259 	-	-	-	846 495 	71 738 	621 865 	23 129 896 	237 561 	1 253 877 	1 873 205 	-
Смоленская область	560 	1 215 769 276 	45 441 475 	33 739 356 	33 073 282 	211 541 	94 390 	592 670 	106 035 	435 	36 821 	13 970 	-	12 142 	203 281 	112 687 	24 665 	-	13 020 	109 	675 	-	10 751 	-	531 237 	61 773 	392 292 	-	95 803 	1 140 855 	1 011 228 	-
Тамбовская область	386 	1 145 225 309 	70 648 135 	67 885 145 	51 270 142 	513 182 	9 394 	310 578 	3 176 	-	13 305 	23 122 	790 	4 156 	16 402 	15 984 	6 518 	1 438 	4 598 	305 	36 	36 	311 	302 	232 569 	40 725 	252 213 	-	82 799 	1 716 057 	405 374 	-
Тверская область	738 	1 426 787 705 	64 376 689 	42 400 205 	35 454 783 	1 083 506 	2 591 251 	275 459 	18 891 	-	12 358 	6 507 	-	745 	30 900 	3 293 	13 235 	885 	709 	-	-	-	-	-	471 753 	24 370 	934 211 	56 304 	231 004 	1 681 600 	999 451 	635 
Тульская область	655 	3 553 208 200 	210 544 886 	210 544 886 	156 943 421 	1 219 359 	1 185 013 	1 384 010 	47 840 	69 099 	196 686 	115 875 	294 	14 841 	175 562 	58 467 	103 119 	22 718 	36 919 	12 727 	5 896 	5 896 	-	-	1 582 439 	251 613 	4 287 142 	3 711 659 	342 533 	2 655 107 	1 646 563 	-
Ярославская область	796 	2 579 416 400 	111 985 189 	94 720 581 	71 155 688 	808 434 	11 641 964 	751 669 	60 767 	94 419 	198 311 	29 715 	105 	58 641 	16 166 	11 386 	14 902 	1 702 	674 	207 	54 235 	47 608 	-	-	1 742 477 	292 394 	2 139 233 	68 204 537 	173 837 	9 505 857 	1 628 175 	640 
г. Москва 	18 394 	322 121 036 430 	23 104 941 178 	17 457 777 613 	5 483 104 843 	243 969 516 	161 336 399 	75 412 993 	7 467 967 	117 663 	592 214 	3 786 543 	1 084 207 	8 824 	3 561 542 	1 828 700 	1 117 664 	546 476 	1 582 607 	649 952 	1 850 911 	941 791 	171 830 	72 775 	99 935 872 	4 579 267 	223 195 889 	1 050 834 806 	26 834 445 	305 141 935 	829 216 887 	3 614 446 
Северо-Западный федеральный округ	11 094 	78 072 007 400 	9 088 443 824 	5 169 990 429 	2 673 337 635 	85 395 432 	31 009 299 	14 817 582 	1 252 184 	48 118 	1 639 544 	1 753 526 	271 855 	188 932 	1 762 839 	624 716 	792 352 	258 887 	560 623 	111 198 	127 096 	42 669 	173 964 	4 927 	47 013 017 	4 767 531 	138 856 122 	7 181 056 944 	5 058 583 	84 602 118 	170 453 383 	70 328 
Республика Карелия	345 	546 585 495 	34 875 288 	31 360 869 	27 311 192 	115 752 	32 915 	150 831 	22 466 	-	-	1 041 	-	21 101 	52 573 	-	-	-	-	-	1 419 	1 419 	-	-	386 005 	10 504 	743 165 	801 798 	26 709 	472 681 	231 176 	-
Республика Коми	452 	1 407 574 166 	272 034 823 	71 623 870 	61 363 126 	548 742 	25 086 	1 221 900 	81 090 	-	63 991 	133 120 	-	-	542 042 	495 590 	12 664 	12 404 	109 243 	84 834 	128 	128 	-	-	3 918 529 	652 092 	714 913 	33 228 	63 868 	823 484 	1 302 047 	-
Архангельская область	455 	1 254 640 587 	81 758 457 	77 358 328 	69 125 769 	201 512 	14 691 	2 969 225 	189 841 	-	481 946 	177 539 	-	126 145 	56 417 	9 566 	40 950 	3 543 	42 642 	1 696 	-	-	79 359 	2 969 	1 911 239 	90 853 	651 309 	793 828 	70 818 	1 593 254 	699 271 	4 645 
в том числе: 																																
Ненецкий автономный округ	54 	237 368 629 	15 289 345 	15 142 445 	15 127 226 	15 107 	-	-	-	-	-	-	-	-	-	-	-	-	-	-	-	-	-	-	139 925 	14 989 	62 755 	-	5 986 	76 422 	13 197 	-
Архангельская область                без автономного округа	401 	1 017 271 958 	66 469 112 	62 215 883 	53 998 543 	186 405 	14 691 	2 969 225 	189 841 	-	481 946 	177 539 	-	126 145 	56 417 	9 566 	40 950 	3 543 	42 642 	1 696 	-	-	79 359 	2 969 	1 771 314 	75 864 	588 554 	793 828 	64 832 	1 516 832 	686 074 	4 645 
Вологодская область	665 	3 210 369 699 	314 350 601 	247 244 231 	156 828 620 	5 283 694 	551 372 	653 942 	193 036 	-	119 320 	30 217 	-	284 	119 788 	4 292 	78 035 	12 404 	10 472 	24 	-	-	-	-	3 138 894 	57 748 	11 322 487 	441 487 	69 585 	2 023 023 	2 198 573 	-
Калинингpадская область	840 	4 464 370 338 	466 322 416 	447 799 699 	80 427 299 	1 504 759 	392 780 	1 159 312 	4 663 	-	48 692 	7 401 	-	7 715 	36 	-	96 882 	638 	2 674 	57 	-	-	27 188 	851 	526 310 	41 117 	1 411 146 	605 611 	100 850 	3 916 293 	4 753 076 	559 
Ленинградская область 	1 291 	6 210 477 460 	1 117 229 848 	971 437 713 	930 866 431 	2 468 063 	417 003 	1 397 718 	81 818 	-	26 182 	140 403 	-	18 003 	152 591 	14 323 	39 618 	-	160 236 	5 340 	28 377 	28 016 	48 761 	-	2 460 887 	215 038 	2 114 577 	217 610 	537 345 	5 733 667 	8 484 189 	436 
Мурманская область	375 	1 969 739 624 	227 461 319 	194 883 644 	192 878 859 	553 713 	225 113 	187 587 	33 450 	-	-	26 754 	9 791 	-	5 496 	728 	-	-	18 303 	1 985 	632 	74 	-	-	2 827 184 	145 999 	1 647 928 	-	143 762 	1 601 270 	340 689 	-
Новгородская область	293 	806 438 808 	39 352 127 	35 122 427 	28 019 061 	158 202 	424 588 	931 724 	25 157 	-	129 140 	129 364 	-	4 686 	224 061 	37 290 	32 006 	20 777 	87 579 	9 802 	18 691 	1 185 	18 656 	1 107 	775 710 	49 950 	1 271 477 	1 345 671 	144 052 	8 885 312 	1 191 570 	100 
Псковская область	301 	498 131 137 	15 645 284 	15 171 552 	10 046 534 	59 408 	63 682 	215 595 	15 603 	-	10 633 	2 844 	15 892 	-	11 093 	2 784 	7 006 	1 292 	1 303 	-	626 	626 	-	-	161 526 	16 099 	178 706 	-	82 772 	706 884 	249 482 	-
г. Санкт-Петербург	6 077 	57 703 680 086 	6 519 413 661 	3 077 988 096 	1 116 470 744 	74 501 587 	28 862 069 	5 929 748 	605 060 	48 118 	759 640 	1 104 843 	246 172 	10 998 	598 742 	60 143 	485 191 	207 829 	128 171 	7 460 	77 223 	11 221 	-	-	30 906 733 	3 488 131 	118 800 414 	7 176 817 711 	3 818 822 	58 846 250 	151 003 310 	64 588 
Южный                                федеральный округ	7 229 	25 137 721 141 	1 868 170 545 	1 479 981 999 	979 886 646 	15 633 290 	2 613 880 	6 716 320 	628 569 	38 152 	1 700 531 	214 401 	353 252 	64 082 	1 612 987 	264 732 	371 665 	174 735 	156 117 	25 242 	93 963 	23 242 	13 416 	13 416 	10 904 307 	1 511 062 	18 942 481 	14 460 119 	1 560 409 	34 821 577 	37 060 303 	19 605 
Республика Адыгея	196 	293 607 679 	14 417 523 	9 757 352 	9 682 698 	10 716 	-	7 552 	425 	-	-	-	-	-	2 574 	-	-	-	-	-	-	-	-	-	64 953 	3 567 	141 787 	-	10 191 	256 273 	586 089 	-
Республика Калмыкия	63 	12 385 534 	1 170 231 	1 170 231 	1 134 175 	56 	-	2 567 	-	-	-	2 567 	-	-	-	-	-	-	-	-	-	-	-	-	22 724 	150 	2 656 	-	1 062 	11 642 	3 092 	-
Республика Крым	591 	1 010 417 551 	84 832 244 	80 655 696 	77 546 860 	311 625 	26 813 	345 938 	1 469 	-	15 219 	37 568 	44 046 	878 	5 532 	5 532 	3 981 	1 025 	544 	3 	3 225 	177 	-	-	494 631 	79 827 	936 504 	4 555 038 	31 322 	1 483 513 	954 722 	2 619 
Краснодарский край	2 788 	14 929 764 289 	1 266 365 300 	972 944 825 	514 210 120 	12 462 846 	708 540 	2 895 056 	321 033 	-	1 235 846 	46 753 	180 268 	17 003 	649 027 	123 712 	7 280 	6 441 	4 121 	-	22 937 	1 853 	-	-	4 599 066 	520 540 	12 080 969 	4 164 663 	847 274 	19 937 487 	23 085 536 	7 766 
Астраханская область	312 	800 571 062 	42 032 262 	38 554 311 	37 259 928 	412 631 	399 617 	789 852 	41 144 	-	28 856 	10 789 	-	718 	476 833 	87 203 	139 868 	65 457 	80 247 	7 038 	751 	740 	-	-	734 279 	282 024 	606 790 	9 500 	19 879 	442 811 	418 359 	-
Волгоградская область	1 035 	2 014 227 943 	165 923 794 	116 751 494 	114 360 950 	668 418 	67 385 	799 302 	90 678 	3 247 	57 812 	31 188 	1 154 	9 045 	266 522 	15 727 	43 445 	2 303 	24 032 	73 	42 521 	-	-	-	2 950 281 	310 793 	2 007 672 	-	209 481 	1 636 192 	1 666 105 	1 496 
Ростовская область	2 064 	5 878 064 404 	280 919 094 	248 553 883 	215 613 726 	1 742 447 	1 411 031 	1 694 726 	173 820 	34 905 	276 793 	84 878 	120 172 	36 438 	212 499 	32 558 	177 091 	99 509 	36 097 	18 128 	15 055 	10 998 	13 416 	13 416 	1 972 124 	310 850 	3 087 240 	5 728 745 	429 285 	10 831 231 	10 265 097 	35 
г. Севастополь	180 	198 682 679 	12 510 097 	11 594 207 	10 078 189 	24 551 	494 	181 327 	-	-	86 005 	658 	7 612 	-	-	-	-	-	11 076 	-	9 474 	9 474 	-	-	66 249 	3 311 	78 863 	2 173 	11 915 	222 428 	81 303 	7 689 
Северо-Кавказский федеральный округ	1 446 	3 384 494 526 	235 301 978 	146 617 475 	131 602 898 	917 860 	673 930 	4 772 052 	453 365 	25 549 	241 905 	126 149 	50 415 	44 740 	1 161 716 	144 374 	12 303 	-	14 303 	57 	255 310 	9 578 	-	-	2 400 905 	406 735 	2 997 697 	1 118 462 	129 788 	3 365 194 	3 005 001 	26 045 
Республика Дагестан	239 	199 713 071 	18 266 291 	18 119 354 	11 599 550 	31 562 	160 035 	1 463 113 	238 657 	4 454 	26 173 	2 910 	44 851 	14 028 	928 036 	134 867 	10 563 	-	-	-	71 989 	6 769 	-	-	446 262 	57 734 	142 917 	27 240 	26 068 	375 529 	302 118 	-
Республика Ингушетия 	26 	14 772 333 	720 214 	720 214 	324 531 	200 	-	17 800 	-	-	-	-	5 011 	-	-	-	-	-	-	-	10 188 	-	-	-	12 550 	138 	139 339 	-	906 	58 501 	8 641 	-
Кабардино-Балкарская Республика	84 	55 682 650 	2 126 592 	2 076 592 	1 605 022 	11 788 	-	349 102 	113 247 	-	-	-	347 	-	219 835 	-	-	-	-	-	-	-	-	-	29 897 	5 787 	106 859 	-	22 759 	56 204 	18 236 	25 250 
Карачаево-Черкесская Республика	89 	121 260 902 	6 303 594 	3 592 679 	3 305 105 	739 	-	2 356 915 	19 462 	-	-	4 670 	206 	-	11 456 	8 054 	1 740 	-	2 109 	-	168 796 	392 	-	-	44 642 	1 128 	54 992 	-	4 378 	266 819 	217 469 	795 
Республика Северная Осетия – Алания	91 	91 371 893 	2 189 639 	1 887 775 	1 151 160 	1 434 	-	13 210 	522 	-	-	3 813 	-	-	2 389 	1 453 	-	-	-	-	1 920 	-	-	-	84 741 	16 022 	19 871 	94 820 	2 347 	168 505 	282 404 	-
Чеченская Республика	130 	273 493 739 	21 567 228 	21 266 958 	20 763 437 	898 	-	2 417 	-	-	-	-	-	-	-	-	-	-	-	-	2 417 	2 417 	-	-	133 642 	32 676 	191 069 	-	2 711 	226 434 	147 215 	-
Ставропольский край	787 	2 628 199 938 	184 128 420 	98 953 903 	92 854 093 	871 239 	513 895 	569 495 	81 477 	21 095 	215 732 	114 756 	-	30 712 	-	-	-	-	12 194 	57 	-	-	-	-	1 649 171 	293 250 	2 342 650 	996 402 	70 619 	2 213 202 	2 028 918 	-
Приволжский                  федеральный округ	13 488 	55 396 943 724 	4 130 935 544 	3 021 059 781 	2 621 818 624 	27 755 289 	38 756 866 	25 954 461 	2 751 673 	108 015 	1 768 334 	1 603 692 	289 660 	294 262 	4 754 294 	1 295 219 	2 705 893 	607 070 	1 240 847 	564 469 	509 426 	240 198 	387 783 	88 690 	41 050 387 	5 371 698 	54 776 030 	181 652 953 	3 345 366 	50 756 820 	56 439 846 	23 584 
Республика Башкортостан	1 392 	6 323 190 492 	352 372 584 	332 039 773 	271 729 033 	3 201 462 	640 739 	3 516 769 	440 936 	47 863 	177 022 	124 703 	17 844 	1 629 	687 053 	149 332 	140 512 	43 510 	233 196 	203 678 	34 330 	22 568 	-	-	5 249 123 	601 159 	15 413 591 	6 238 302 	224 035 	5 203 455 	3 140 629 	548 
Республика Марий Эл	270 	495 357 675 	27 916 080 	17 620 781 	16 395 996 	248 668 	177 036 	202 316 	1 384 	-	58 773 	4 551 	-	-	12 921 	4 743 	4 494 	-	10 843 	-	-	-	-	-	413 809 	37 433 	118 016 	989 157 	26 873 	599 708 	231 424 	-
Республика Мордовия	390 	1 015 838 156 	34 912 060 	34 288 082 	32 320 963 	249 740 	290 789 	256 482 	9 438 	-	30 395 	15 787 	-	38 	14 689 	8 842 	2 033 	1 333 	28 006 	19 694 	13 630 	5 744 	407 	407 	637 048 	28 499 	711 693 	1 591 	83 606 	917 473 	501 706 	600 
Республика Татарстан	1 736 	13 312 521 896 	978 066 214 	849 535 190 	746 392 092 	8 452 211 	10 614 470 	9 854 804 	500 680 	6 420 	313 944 	438 865 	76 656 	2 476 	2 557 244 	823 882 	1 528 340 	422 313 	701 813 	280 471 	191 593 	140 739 	46 168 	3 737 	9 789 894 	1 378 946 	19 165 723 	92 516 532 	1 253 937 	9 913 609 	17 533 463 	15 
Удмуртская Республика	909 	1 950 690 312 	109 435 331 	82 521 717 	75 146 264 	669 101 	644 294 	713 129 	71 947 	-	30 842 	61 871 	-	29 165 	185 567 	13 425 	6 778 	714 	18 842 	573 	-	-	-	-	1 614 707 	94 278 	1 428 055 	12 567 	132 312 	1 283 288 	1 413 132 	-
Чувашская Республика	548 	878 372 620 	31 626 185 	31 237 211 	24 848 565 	228 510 	577 238 	111 377 	2 171 	-	15 630 	7 801 	-	1 685 	12 897 	11 486 	22 729 	1 588 	-	-	-	-	8 833 	-	308 477 	40 989 	323 724 	5 000 	126 475 	617 915 	813 772 	-
Пермский край	1 575 	5 907 687 765 	522 851 230 	449 781 646 	440 166 557 	4 619 253 	1 835 013 	2 577 388 	277 842 	-	139 222 	383 351 	92 277 	142 412 	276 543 	57 713 	59 860 	19 245 	51 230 	11 193 	7 088 	-	53 169 	9 307 	5 838 703 	884 422 	4 213 748 	177 074 	232 457 	4 977 430 	3 896 053 	-
Кировская область	638 	894 608 293 	57 944 067 	42 581 344 	42 287 633 	237 131 	54 412 	600 004 	10 591 	-	50 704 	57 501 	-	1 658 	40 833 	2 541 	85 615 	24 831 	15 769 	68 	-	-	317 	-	421 321 	55 640 	650 315 	1 431 389 	56 592 	1 264 910 	563 657 	-
Нижегородская область	1 681 	10 338 819 245 	829 187 145 	414 409 947 	330 254 518 	4 788 307 	10 937 764 	2 975 566 	268 221 	60 	493 744 	162 737 	78 	90 148 	274 512 	47 295 	261 237 	21 059 	111 670 	7 672 	1 692 	-	126 019 	6 868 	5 945 065 	649 384 	5 839 306 	1 387 086 	502 963 	12 604 370 	13 068 475 	8 823 
Оренбургская область	653 	2 989 912 283 	417 407 553 	204 704 259 	185 332 259 	958 670 	303 910 	885 674 	119 490 	1 533 	41 895 	168 857 	18 664 	-	50 245 	15 953 	56 280 	25 002 	1 380 	483 	17 895 	92 	-	-	2 713 092 	471 995 	2 348 461 	2 005 983 	40 795 	1 921 522 	740 066 	1 866 
Пензенская область	647 	1 513 907 295 	50 427 431 	47 803 779 	35 499 957 	149 465 	187 425 	203 888 	46 628 	-	419 	36 628 	-	516 	57 382 	1 187 	-	-	10 357 	7 241 	-	-	-	-	437 134 	34 406 	371 326 	816 754 	83 912 	898 603 	1 815 501 	237 
Самарская область	1 679 	6 596 811 205 	529 663 828 	352 412 095 	309 934 340 	3 319 141 	10 672 787 	2 760 911 	702 421 	9 989 	182 674 	75 759 	-	20 357 	574 100 	156 485 	504 286 	39 666 	49 846 	28 233 	155 759 	8 638 	129 983 	45 508 	5 488 283 	507 118 	3 161 458 	3 124 793 	350 348 	6 934 584 	7 433 410 	5 995 
Саратовская область	899 	2 100 771 428 	137 098 429 	126 878 461 	80 505 212 	343 430 	635 439 	1 101 320 	282 748 	42 150 	227 111 	49 039 	83 249 	4 012 	7 973 	-	31 629 	6 937 	7 220 	4 670 	58 793 	46 769 	24 	-	1 629 194 	497 293 	684 922 	64 351 071 	175 349 	1 698 570 	1 762 494 	5 500 
Ульяновская область	471 	1 078 455 059 	52 027 407 	35 245 496 	31 005 235 	290 200 	1 185 550 	194 833 	17 176 	-	5 959 	16 242 	892 	166 	2 335 	2 335 	2 100 	872 	675 	493 	28 646 	15 648 	22 863 	22 863 	564 537 	90 136 	345 692 	8 595 654 	55 712 	1 921 383 	3 526 064 	-
Уральский                        федеральный округ	5 928 	48 684 392 410 	5 648 535 495 	4 800 088 433 	3 500 309 287 	14 697 037 	15 224 993 	51 755 951 	6 734 116 	1 047 030 	1 074 550 	3 488 738 	522 933 	2 029 742 	4 645 130 	914 676 	1 069 245 	394 023 	1 695 680 	780 083 	235 305 	17 880 	1 942 741 	309 258 	49 303 844 	8 459 365 	41 779 449 	28 898 501 	1 724 392 	85 102 466 	37 963 985 	56 103 
Курганская область	319 	690 491 132 	30 634 337 	30 220 109 	24 616 816 	85 659 	321 992 	489 424 	105 528 	-	300 	188 206 	-	38 928 	40 504 	12 506 	20 066 	492 	-	-	-	-	-	-	327 974 	15 014 	468 298 	-	77 813 	711 574 	196 534 	-
Свердловская область	2 299 	13 095 390 965 	1 022 197 773 	708 611 202 	477 298 958 	6 244 960 	2 842 088 	7 674 331 	1 013 047 	5 111 	575 119 	820 384 	9 099 	288 257 	1 318 373 	401 369 	649 229 	249 224 	781 953 	491 847 	19 526 	2 536 	198 910 	12 895 	8 568 054 	875 674 	12 307 723 	11 008 123 	738 653 	14 685 754 	21 378 439 	48 211 
Тюменская область	1 864 	28 346 697 808 	4 127 397 575 	3 664 670 574 	2 754 504 039 	6 540 178 	9 368 386 	39 514 146 	5 305 707 	1 041 919 	57 009 	2 202 474 	283 475 	1 668 805 	2 401 297 	234 401 	95 477 	37 662 	729 245 	229 400 	122 877 	10 186 	1 525 497 	274 698 	37 321 096 	7 376 120 	21 909 001 	8 401 022 	484 926 	56 110 786 	10 978 417 	6 617 
в том числе:																																
Ханты-Мансийский автономный округ – Югра	1 864 	28 346 697 808 	4 127 397 575 	3 664 670 574 	2 754 504 039 	6 540 178 	9 368 386 	39 514 146 	5 305 707 	1 041 919 	57 009 	2 202 474 	283 475 	1 668 805 	2 401 297 	234 401 	95 477 	37 662 	729 245 	229 400 	122 877 	10 186 	1 525 497 	274 698 	37 321 096 	7 376 120 	21 909 001 	8 401 022 	484 926 	56 110 786 	10 978 417 	6 617 
Ямало-Ненецкий автономный округ	323 	11 692 618 897 	1 899 655 332 	1 700 783 138 	1 290 193 008 	2 080 490 	573 675 	17 488 449 	3 411 458 	1 041 919 	11 975 	1 964 435 	15 015 	803 027 	211 208 	178 052 	11 049 	2 654 	241 122 	187 434 	22 768 	3 066 	319 668 	244 088 	18 723 068 	4 871 016 	7 794 938 	-	68 322 	39 416 529 	6 150 894 	4 003 
Тюменская область без автономных округов	692 	4 206 679 000 	498 931 685 	462 800 437 	284 840 525 	799 677 	7 841 842 	330 435 	105 242 	-	-	14 839 	-	-	124 164 	659 	162 	-	10 820 	-	3 923 	3 923 	-	-	2 322 900 	200 258 	8 207 856 	653 210 	234 948 	7 222 900 	2 793 056 	151 
Челябинская область	1 446 	6 551 812 505 	468 305 810 	396 586 548 	243 889 474 	1 826 240 	2 692 527 	4 078 050 	309 834 	-	442 122 	277 674 	230 359 	33 752 	884 956 	266 400 	304 473 	106 645 	184 482 	58 836 	92 902 	5 158 	218 334 	21 665 	3 086 720 	192 557 	7 094 427 	9 489 356 	423 000 	13 594 352 	5 410 595 	1 275 
Сибирский                             федеральный округ	9 058 	33 931 816 251 	4 026 954 829 	3 200 543 511 	1 864 123 604 	13 149 308 	7 815 721 	12 896 202 	1 069 961 	19 328 	1 140 950 	391 610 	447 490 	477 493 	1 395 662 	254 150 	1 026 518 	392 263 	1 138 840 	261 752 	317 220 	109 328 	209 531 	57 657 	26 588 390 	4 744 360 	45 940 441 	49 488 792 	1 756 737 	53 181 361 	25 853 079 	84 864 
Республика Алтай	65 	459 815 495 	52 205 466 	51 878 950 	51 809 497 	46 405 	-	148 290 	-	-	-	1 100 	27 103 	-	-	-	-	-	86 944 	86 944 	17 726 	-	3 572 	-	14 037 	100 	132 472 	939 	9 016 	727 362 	92 004 	-
Республика Тыва	87 	75 685 739 	8 421 667 	8 339 949 	7 464 872 	7 249 	-	94 185 	11 435 	-	621 	-	63 066 	-	3 002 	45 	-	-	-	-	-	-	-	-	47 625 	4 716 	291 640 	-	6 387 	71 303 	21 728 	-
Республика Хакасия	268 	588 900 923 	25 981 043 	25 981 011 	25 135 004 	108 359 	230 617 	69 337 	1 290 	-	-	12 065 	-	-	21 211 	2 787 	-	-	15 791 	8 798 	-	-	-	-	430 705 	51 055 	651 374 	-	15 695 	277 586 	178 219 	-
Алтайский край	1 274 	2 705 205 664 	108 825 108 	107 645 372 	55 123 474 	124 719 	40 095 	1 021 992 	103 742 	-	14 322 	3 636 	-	255 	163 946 	3 914 	-	-	1 435 	-	-	-	-	-	518 885 	112 146 	645 074 	787 385 	173 997 	1 758 923 	6 219 396 	7 444 
Красноярский край 	1 422 	8 482 757 822 	1 607 778 647 	1 330 343 087 	696 423 750 	3 889 290 	4 918 375 	5 800 237 	212 675 	-	411 029 	176 611 	306 080 	342 216 	265 955 	10 130 	398 782 	58 286 	526 536 	34 181 	4 534 	300 	-	-	10 156 334 	2 068 076 	19 672 734 	7 824 448 	280 005 	5 274 163 	4 087 439 	-
Иркутская область	1 093 	5 277 947 813 	998 970 364 	799 853 011 	362 696 360 	1 979 688 	694 946 	1 973 961 	156 346 	-	222 016 	35 325 	15 854 	35 062 	446 092 	143 815 	320 343 	154 194 	75 212 	25 704 	128 154 	73 232 	157 878 	47 560 	3 159 442 	419 254 	2 693 818 	2 052 021 	390 430 	3 797 703 	2 239 775 	20 
Кемеровская область	973 	6 436 251 671 	447 921 161 	286 634 406 	244 641 673 	1 435 734 	98 549 	990 058 	115 202 	-	226 740 	76 126 	31 439 	743 	124 582 	16 456 	87 844 	-	89 716 	1 700 	58 827 	187 	-	-	5 888 241 	1 271 766 	7 910 693 	2 547 370 	254 877 	5 467 912 	3 428 136 	2 940 
Новосибирская область	2 391 	5 760 255 633 	302 389 794 	147 052 229 	130 949 111 	2 747 440 	665 611 	1 620 808 	402 084 	19 078 	224 285 	28 205 	-	66 417 	345 051 	74 728 	218 278 	178 663 	15 630 	3 634 	-	-	48 081 	10 097 	1 931 024 	320 229 	1 862 433 	5 693 570 	404 186 	7 346 667 	7 717 293 	67 413 
Омская область	868 	1 750 990 360 	162 237 499 	159 433 860 	138 488 012 	1 496 782 	360 028 	210 207 	15 	250 	41 937 	9 129 	-	4 109 	3 453 	198 	1 271 	1 120 	22 005 	-	2 837 	-	-	-	1 730 630 	122 183 	11 347 422 	-	142 537 	1 435 976 	1 134 142 	400 
Томская область	617 	2 394 005 131 	312 224 080 	283 381 636 	151 391 851 	1 313 642 	807 500 	967 127 	67 172 	-	-	49 413 	3 948 	28 691 	22 370 	2 077 	-	-	305 571 	100 791 	105 142 	35 609 	-	-	2 711 467 	374 835 	732 781 	30 583 059 	79 607 	27 023 766 	734 947 	6 647 
Дальневосточный федеральный округ	4 291 	20 537 324 525 	2 723 825 790 	2 486 759 483 	1 576 451 261 	3 983 368 	4 052 666 	18 612 503 	1 190 624 	-	556 199 	992 450 	549 042 	553 859 	1 624 213 	190 229 	348 540 	76 885 	647 007 	62 264 	1 033 622 	170 045 	486 116 	103 341 	16 261 697 	1 147 542 	23 636 946 	2 234 003 	832 258 	18 778 924 	10 183 465 	243 323 
Республика Бурятия	246 	638 227 574 	57 329 692 	51 882 241 	34 064 259 	76 018 	158 145 	874 954 	191 998 	-	46 495 	9 397 	8 590 	-	209 798 	398 	3 265 	1 849 	-	-	-	-	9 832 	9 832 	444 990 	97 522 	1 281 345 	-	53 440 	655 203 	267 609 	4 945 
Республика Саха (Якутия)	485 	3 308 359 638 	605 422 543 	553 956 866 	246 949 923 	1 080 033 	488 204 	5 849 715 	390 814 	-	72 942 	512 183 	47 365 	211 198 	598 102 	103 054 	45 252 	16 924 	364 358 	14 192 	215 924 	103 656 	245 815 	11 966 	6 669 500 	162 440 	12 315 121 	260 058 	209 487 	2 592 510 	4 605 374 	199 374 
Забайкальский край	342 	1 353 493 698 	172 275 435 	169 984 626 	142 626 862 	287 106 	692 815 	3 607 162 	363 	-	63 390 	533 	481 109 	42 841 	4 886 	1 331 	252 307 	51 953 	68 026 	14 261 	39 393 	36 986 	214 528 	80 033 	1 042 939 	93 282 	2 474 165 	1 836 324 	83 853 	1 242 654 	458 521 	15 658 
Камчатский край	245 	943 383 765 	58 475 577 	54 072 646 	41 795 926 	168 981 	192 355 	399 361 	-	-	32 254 	57 343 	-	82 	1 141 	1 141 	-	-	5 866 	2 307 	-	-	-	-	457 103 	30 247 	751 680 	1 571 	28 672 	1 024 646 	463 623 	370 
Приморский край	1 117 	4 806 256 455 	471 212 731 	425 325 255 	121 150 526 	1 434 991 	1 988 226 	609 784 	56 317 	-	36 300 	34 153 	8 434 	12 984 	87 176 	15 684 	29 132 	6 159 	14 368 	4 220 	11 358 	6 342 	15 941 	1 510 	1 352 713 	177 926 	2 439 198 	129 709 	177 830 	7 002 331 	2 806 228 	11 743 
Хабаровский край	831 	2 999 942 818 	294 935 842 	288 203 777 	284 345 890 	457 175 	140 639 	2 436 010 	335 506 	-	304 818 	169 195 	-	286 754 	962 	962 	18 360 	-	63 775 	24 469 	650 054 	2 220 	-	-	1 857 497 	173 891 	1 844 960 	6 274 	119 742 	2 069 185 	735 438 	9 578 
Амурская область	280 	1 735 403 408 	601 209 695 	541 167 859 	425 763 028 	290 175 	123 786 	3 058 292 	128 205 	-	-	43 371 	109 	-	-	-	224 	-	184 	59 	745 	739 	-	-	1 365 287 	105 928 	439 048 	67 	25 154 	1 566 180 	317 500 	-
Магаданская область	185 	917 394 287 	129 595 825 	124 402 352 	58 063 414 	84 325 	162 147 	194 688 	-	-	-	79 607 	3 107 	-	1 013 	-	-	-	-	-	99 476 	4 347 	-	-	1 317 966 	43 011 	1 229 759 	-	46 189 	1 025 001 	106 739 	49 
Сахалинская область	389 	2 894 240 350 	178 724 004 	127 895 978 	120 625 069 	91 380 	30 993 	1 194 887 	67 698 	-	-	72 957 	328 	-	714 739 	61 263 	-	-	128 302 	628 	16 109 	15 755 	-	-	1 148 478 	243 915 	656 483 	-	81 526 	1 037 683 	311 384 	1 606 
Еврейская автономная область	70 	58 892 765 	8 369 430 	8 369 430 	8 066 265 	8 592 	18 273 	237 618 	19 723 	-	-	1 151 	-	-	6 396 	6 396 	-	-	1 916 	1 916 	563 	-	-	-	18 839 	3 016 	21 202 	-	4 083 	125 694 	46 189 	-
Чукотский автономный округ	101 	881 729 767 	146 275 016 	141 498 453 	93 000 099 	4 592 	57 083 	150 032 	-	-	-	12 560 	-	-	-	-	-	-	212 	212 	-	-	-	-	586 385 	16 364 	183 985 	-	2 282 	437 837 	64 860 	-