Большие таблицы лучше отправлять в ИИ по частям.

Напиши sql запрос на создание таблицы nauka_2_2 и вставке в базе данных PostgreSQL. 
Строки -  Регионы России
Колонки - Годы -	2010	2015	2016	2017	2018	2019	2020	2021	2022	2023	2024 

Центральный федеральный округ	381795	380140	372293	362463	341909	342057	345756	335117	340001	337939	342423
Белгородская область	1189	1749	1717	1655	1498	1563	1463	1461	1478	1363	1232
Брянская область	790	805	630	688	668	577	505	392	411	396	358
Владимирская область	4871	5697	5421	5365	5082	5048	4697	4267	4298	4371	4508
Воронежская область	13184	10600	10334	10654	10986	10919	10089	10801	11042	9982	9610
Ивановская область	749	634	618	574	615	637	627	606	588	599	569
Калужская область	10091	10170	9963	9275	8958	7738	7233	7007	8007	7312	8462
Костромская область	116	129	121	114	138	101	57	50	53	49	162
Курская область	2944	2891	2846	2719	2560	2451	2552	2530	2843	2327	2264
Липецкая область	323	700	616	530	556	581	570	587	580	578	562
Московская область	84574	85864	87706	86579	86796	82599	86910	82963	83642	82408	80840
Орловская область	797	915	878	837	733	806	738	708	776	790	827
Рязанская область	2373	3100	2718	2461	2516	2507	2421	2299	2285	2247	2317
Смоленская область	873	714	761	903	850	888	893	906	965	859	790
Тамбовская область	1665	1594	1165	1125	1047	905	864	857	791	742	696
Тверская область	4851	4596	4430	3971	3703	3647	3549	3005	2857	2387	2254
Тульская область	4992	4154	4237	4142	4171	4455	4338	4699	4963	4803	4624
Ярославская область	6187	6319	6404	6354	6170	6138	5809	5877	5988	6235	6575
г. Москва	241226	239509	231728	224517	204862	210497	212441	206102	208434	210491	215773


Напиши sql запрос на добавления данных в таблицу nauka_2_2 и вставке в базе данных PostgreSQL. 
Строки -  Регионы России
Колонки - Годы -	2010	2015	2016	2017	2018	2019	2020	2021	2022	2023	2024 

Северо-Западный федеральный округ	95826	98062	95118	94525	91658	91422	87411	85448	85082	86493	86107
Республика Карелия	934	1202	1207	1168	1201	1178	1113	1074	993	1008	964
Республика Коми	1806	1981	1909	1655	1489	1447	1468	1425	1392	1437	1408
Архангельская область	1148	1107	1094	1021	994	992	999	963	1015	1014	997
в том числе Ненецкий автономный округ	75	62	59	22	24	21	27	25	27	28	27
Архангельская область без АО	1073	1045	1035	999	970	971	972	938	988	986	970
Вологодская область	482	541	509	464	551	586	591	631	591	578	584
Калинингpадская область	1859	2128	2057	1788	1113	1120	1290	1367	1445	1153	1150
Ленинградская область	6477	7229	7247	7265	7190	7146	6011	6303	5935	5913	5824
Мурманская область	2097	2342	2265	2138	2028	2029	1988	1983	1904	1912	1840
Новгородская область	892	1638	1602	1739	1845	1538	1334	1114	1074	1095	1042
Псковская область	318	818	278	236	216	158	132	138	129	134	133
г. Санкт-Петербург	79813	79076	76950	77051	75031	75228	72485	70450	70604	72249	72165


Напиши sql запрос на добавления данных в таблицу nauka_2_2 и вставке в базе данных PostgreSQL. 
Строки -  Регионы России
Колонки - Годы -	2010	2015	2016	2017	2018	2019	2020	2021	2022	2023	2024 

Южный федеральный округ	28109	30130	28011	26922	26431	26713	26716	26152	26376	26453	26646
Республика Адыгея	330	279	282	283	271	276	273	237	217	227	225
Республика Калмыкия	203	175	184	158	147	149	163	171	151	153	150
Республика Крым 		1676	2096	2113	1995	2045	2217	2082	2130	2181	2177
Краснодарский край	6256	9265	7532	6916	6918	6752	6754	7043	6979	6908	7224
Астраханская область	917	933	692	653	637	830	668	702	709	804	788
Волгоградская область	4001	3958	4026	3869	3695	3582	3611	3609	3624	3698	3536
Ростовская область	16402	12556	12102	11846	11720	11974	11940	11165	11428	11413	11213
г. Севастополь  		1288	1097	1084	1048	1105	1090	1143	1138	1069	1333
Северо-Кавказский федеральный округ	6053	7521	7655	7237	7024	6745	6816	6640	6461	6724	6478
Республика Дагестан	1642	1689	1997	1693	1567	1442	1491	1323	1289	1167	1171
Республика Ингушетия 	95	346	326	244	175	176	159	171	158	158	135
Кабардино-Балкарская Республика	677	894	1122	1050	1039	1101	1113	1151	1013	1341	1044
Карачаево-Черкесская Республика	491	586	581	589	584	623	631	625	618	618	612
Республика Северная Осетия - Алания	643	654	612	547	577	563	549	510	540	532	632
Чеченская Республика 	412	561	480	480	404	349	364	349	352	372	385
Ставропольский край	2093	2791	2537	2634	2678	2491	2509	2511	2491	2536	2499


Напиши sql запрос на добавления данных в таблицу nauka_2_2 и вставке в базе данных PostgreSQL. 
Строки -  Регионы России
Колонки - Годы -	2010	2015	2016	2017	2018	2019	2020	2021	2022	2023	2024 

Приволжский федеральный округ	116285	107679	104304	104885	104916	105145	101929	101015	101439	103041	105632
Республика Башкортостан	7655	8262	8008	7743	7795	7555	7797	8341	7174	7449	7138
Республика Марий Эл	170	203	281	187	243	191	136	162	174	167	361
Республика Мордовия	901	990	927	831	982	807	809	981	955	933	866
Республика Татарстан	13175	12708	12189	12323	12671	13212	12885	12871	14231	15303	16648
Удмуртская Республика	1525	1603	1800	1959	1859	2036	1839	1770	1736	1699	2133
Чувашская Республика	942	1296	1487	1555	1687	1445	1365	1453	1064	938	1147
Пермский край	9739	11005	10304	10328	9848	10058	9520	9671	9471	9937	10084
Кировская область	1615	1729	1672	1776	1744	1493	1495	1589	1547	1420	1340
Нижегородская область	40636	39961	41427	40404	40819	41726	41012	41524	42536	42616	42942
Оренбургская область	947	950	1404	1387	914	878	828	846	849	818	795
Пензенская область	6220	5790	4690	4817	5792	5686	5575	4287	4322	4241	4265
Самарская область	20189	12700	9615	10844	9958	9769	8873	7561	7418	7755	7954
Саратовская область	4982	5245	5364	5684	5593	5360	5042	5023	4993	5131	5097
Ульяновская область	7589	5237	5136	5047	5011	4929	4753	4936	4969	4634	4862


Уральский федеральный округ	42672	46496	46437	45268	44044	44920	44486	43195	45743	44375	44276
Курганская область	644	671	683	629	616	637	679	676	644	618	539
Свердловская область	20379	21900	22180	21212	20528	21006	20849	20089	21987	20248	20373
Тюменская область	7160	8811	8789	8260	7738	7677	7223	7113	7321	7484	7582
Челябинская область	14489	15114	14785	15167	15162	15600	15735	15317	15791	16025	15782



Напиши sql запрос на добавления данных в таблицу nauka_2_2 и вставке в базе данных PostgreSQL. 
Строки -  Регионы России
Колонки - Годы -	2010	2015	2016	2017	2018	2019	2020	2021	2022	2023	2024 

Сибирский федеральный округ 	51750	53384	53612	52338	52450	51577	52304	51748	51129	52411	51933
Республика Алтай   	158	138	132	125	123	89	102	103	128	88	82
Республика Тыва	416	384	388	385	375	387	378	368	364	347	356
Республика Хакасия	149	220	237	247	97	107	105	104	110	137	127
Алтайский край	1955	3154	2719	2486	2455	2432	2698	2744	2898	3038	2598
Красноярский край	6475	7543	7632	7234	7901	7572	8334	8563	8256	9282	9410
Иркутская область	4912	4671	4409	4292	4157	4002	4074	3932	3920	3850	3822
Кемеровская область	1258	1491	1551	1361	1228	1177	1188	1305	1280	1268	1237
Новосибирская область	21615	21621	21843	22256	21711	21690	21346	20868	20399	20526	20738
Омская область	6125	4714	4779	4651	4500	4445	4217	4161	4070	4318	4155
Томская область	8687	9448	9922	9301	9903	9676	9862	9600	9704	9557	9408

Дальневосточный федеральный округ 	14050	15445	14861	14249	14148	13885	13915	13387	13639	13178	12201
Республика Бурятия	952	1266	1191	1144	1099	1048	1063	1026	933	904	853
Республика Саха (Якутия)	2249	2250	2279	2147	2122	2114	2140	2142	2515	2369	2193
Забайкальский край	322	495	478	504	500	443	436	428	433	399	376
Камчатский край	1154	1133	1093	921	883	907	866	829	827	787	775
Приморский край	5493	5809	5655	5700	5771	5673	5809	5593	5646	5431	4666
Хабаровский край	1500	2043	1813	1717	1819	1751	1717	1637	1499	1497	1448
Амурская область	830	692	667	536	533	527	512	521	597	614	682
Магаданская область	572	636	664	611	553	546	522	495	480	464	455
Сахалинская область	901	888	827	807	707	715	685	616	614	616	660
